# fmn-geom parity fixture
# generated from 3b1b/manim @ 6199a00d4c1b1127ebe45cb629c3f22538b10e13
# by scripts/gen_geom_fixtures.py — regenerate, never hand-edit
case quarter_n4
angle 1.5707963267948966
n_components 4
points 9
1.0	0.0	0.0
1.0	0.19891236737965798	0.0
0.9238795325112867	0.3826834323650898	0.0
0.8477590650225735	0.5664544973505214	0.0
0.7071067811865476	0.7071067811865475	0.0
0.5664544973505216	0.8477590650225735	0.0
0.38268343236508984	0.9238795325112867	0.0
0.19891236737965806	1.0	0.0
6.123233995736766e-17	1.0	0.0
end
case quarter_n2
angle 1.5707963267948966
n_components 2
points 5
1.0	0.0	0.0
1.0	0.4142135623730951	0.0
0.7071067811865476	0.7071067811865475	0.0
0.41421356237309515	1.0	0.0
6.123233995736766e-17	1.0	0.0
end
case full_n16
angle 6.283185307179586
n_components 16
points 33
1.0	0.0	0.0
1.0	0.19891236737965798	0.0
0.9238795325112867	0.3826834323650898	0.0
0.8477590650225735	0.5664544973505214	0.0
0.7071067811865476	0.7071067811865475	0.0
0.5664544973505216	0.8477590650225735	0.0
0.38268343236508984	0.9238795325112867	0.0
0.19891236737965806	1.0	0.0
6.123233995736766e-17	1.0	0.0
-0.19891236737965792	1.0	0.0
-0.3826834323650897	0.9238795325112867	0.0
-0.5664544973505212	0.8477590650225737	0.0
-0.7071067811865475	0.7071067811865476	0.0
-0.8477590650225736	0.5664544973505214	0.0
-0.9238795325112867	0.3826834323650899	0.0
-1.0	0.19891236737965837	0.0
-1.0	1.2246467991473532e-16	0.0
-1.0	-0.19891236737965812	0.0
-0.9238795325112868	-0.38268343236508967	0.0
-0.8477590650225737	-0.5664544973505212	0.0
-0.7071067811865477	-0.7071067811865475	0.0
-0.5664544973505214	-0.8477590650225735	0.0
-0.38268343236509034	-0.9238795325112865	0.0
-0.19891236737965842	-0.9999999999999999	0.0
-1.8369701987210297e-16	-1.0	0.0
0.19891236737965803	-1.0	0.0
0.38268343236509	-0.9238795325112866	0.0
0.5664544973505211	-0.8477590650225737	0.0
0.7071067811865474	-0.7071067811865477	0.0
0.8477590650225735	-0.5664544973505214	0.0
0.9238795325112865	-0.3826834323650904	0.0
0.9999999999999999	-0.19891236737965848	0.0
1.0	-2.4492935982947064e-16	0.0
end
case neg_half_n8
angle -3.141592653589793
n_components 8
points 17
1.0	0.0	0.0
1.0	-0.19891236737965798	0.0
0.9238795325112867	-0.3826834323650898	0.0
0.8477590650225735	-0.5664544973505214	0.0
0.7071067811865476	-0.7071067811865475	0.0
0.5664544973505216	-0.8477590650225735	0.0
0.38268343236508984	-0.9238795325112867	0.0
0.19891236737965806	-1.0	0.0
6.123233995736766e-17	-1.0	0.0
-0.19891236737965792	-1.0	0.0
-0.3826834323650897	-0.9238795325112867	0.0
-0.5664544973505212	-0.8477590650225737	0.0
-0.7071067811865475	-0.7071067811865476	0.0
-0.8477590650225736	-0.5664544973505214	0.0
-0.9238795325112867	-0.3826834323650899	0.0
-1.0	-0.19891236737965837	0.0
-1.0	-1.2246467991473532e-16	0.0
end
case one_rad_n3
angle 1.0
n_components 3
points 7
1.0	0.0	0.0
1.0	0.16822721830224246	0.0
0.9449569463147377	0.3271946967961522	0.0
0.8899138926294754	0.48616217529006206	0.0
0.785887260776948	0.618369803069737	0.0
0.6818606289244208	0.750577430849412	0.0
0.5403023058681398	0.8414709848078965	0.0
end
