# fmn-geom parity fixture
# generated from 3b1b/manim @ 6199a00d4c1b1127ebe45cb629c3f22538b10e13
# by scripts/gen_geom_fixtures.py — regenerate, never hand-edit
case line_quad_multi
points 9
0.0	0.0	0.0
0.5	0.0	0.0
1.0	0.0	0.0
1.5	1.0	0.0
2.0	0.0	0.0
2.0	0.0	0.0
3.0	0.0	0.0
3.5	0.5	0.0
4.0	1.0	0.0
ends 4	8
closed 0
joint_angles 0.0	0.0	1.1071487665176392	-2.2142975330352783	0.0	0.0	0.0	0.0	0.0
end
case corners_closed_square
points 9
0.0	0.0	0.0
1.0	0.0	0.0
2.0	0.0	0.0
2.0	1.0	0.0
2.0	2.0	0.0
1.0	2.0	0.0
0.0	2.0	0.0
0.0	1.0	0.0
0.0	0.0	0.0
ends 8
closed 1
joint_angles 1.5707963705062866	0.0	1.5707963705062866	0.0	1.5707963705062866	0.0	1.5707963705062866	0.0	1.5707963705062866
end
case cubic_curve
points 5
0.0	0.0	0.0
0.0	0.75	0.0
0.625	1.375	0.0
1.25	2.0	0.0
2.0	2.0	0.0
ends 4
closed 0
joint_angles 0.0	0.7853981852531433	0.0	0.7853981852531433	0.0
end
case cubic_simple_approx
points 3
0.0	0.0	0.0
2.0	0.5	0.0
3.0	1.0	0.0
ends 2
closed 0
joint_angles 0.0	0.21866895258426666	0.0
end
case smooth_chain
points 7
0.0	0.0	0.0
0.5	0.5	0.0
1.0	1.0	0.0
1.5	1.5	0.0
2.0	0.0	0.0
2.5	-1.5	0.0
3.0	1.0	0.0
ends 6
closed 0
joint_angles 0.0	0.0	0.0	-2.0344438552856445	0.0	2.6224465370178223	0.0
end
case smooth_cubic_chain
points 9
0.0	0.0	0.0
0.375	0.75	0.0
0.5	0.875	0.0
0.625	1.0	0.0
1.0	1.0	0.0
1.1367096900939941	1.0	0.0
1.4916373491287231	0.7224177718162537	0.0
2.182279586791992	0.1822795569896698	0.0
2.5	0.5	0.0
ends 8
closed 0
joint_angles 0.0	0.32175055146217346	0.0	0.7853981852531433	0.0	0.6637188792228699	-4.8257842166776754e-08	-1.4491170644760132	0.0
end
case arc_to_quarter
points 9
1.0	0.0	0.0
1.0	0.1989123672246933	0.0
0.9238795042037964	0.3826834261417389	0.0
0.8477590680122375	0.5664544701576233	0.0
0.7071067690849304	0.7071067690849304	0.0
0.5664544701576233	0.8477590680122375	0.0
0.3826834261417389	0.9238795042037964	0.0
0.1989123672246933	1.0	0.0
-1.6081226229577292e-16	1.0	0.0
ends 8
closed 0
joint_angles 0.0	0.3926992118358612	-2.4817504140628444e-07	0.3926991820335388	0.0	0.3926991820335388	-2.4817504140628444e-07	0.3926992118358612	0.0
end
case close_path_line
points 7
0.0	0.0	0.0
1.0	0.0	0.0
2.0	0.0	0.0
1.5	1.0	0.0
1.0	2.0	0.0
0.5	1.0	0.0
0.0	0.0	0.0
ends 6
closed 1
joint_angles 2.0344438552856445	0.0	2.0344438552856445	0.0	2.2142975330352783	0.0	2.0344438552856445
end
case close_path_smooth
points 7
0.0	0.0	0.0
1.0	0.0	0.0
2.0	0.0	0.0
1.5	1.0	0.0
1.0	2.0	0.0
0.5	3.0	0.0
0.0	0.0	0.0
ends 6
closed 1
joint_angles 1.7359449863433838	0.0	2.0344438552856445	0.0	0.0	2.512796401977539	1.7359449863433838
end
case start_new_path_singleton
points 3
0.0	0.0	0.0
0.0	0.0	0.0
1.0	1.0	0.0
ends 0	2
closed 1
joint_angles 0.0	2.220446049250313e-16	-2.220446049250313e-16
end
case single_point
points 1
1.0	2.0	0.0
ends 0
closed 1
joint_angles 1.0
end
case reverse_multi
points 9
4.0	1.0	0.0
3.5	0.5	0.0
3.0	0.0	0.0
3.0	0.0	0.0
2.0	0.0	0.0
1.5	1.0	0.0
1.0	0.0	0.0
0.5	0.0	0.0
0.0	0.0	0.0
ends 2	8
closed 0
joint_angles 0.0	0.0	0.0	3.1415927410125732	0.0	2.2142975330352783	-1.1071487665176392	0.0	0.0
end
case make_jagged_arc
points 9
1.0	0.0	0.0
0.9619397521018982	0.19134171307086945	0.0
0.9238795042037964	0.3826834261417389	0.0
0.815493106842041	0.5448951125144958	0.0
0.7071067690849304	0.7071067690849304	0.0
0.5448951125144958	0.815493106842041	0.0
0.3826834261417389	0.9238795042037964	0.0
0.19134171307086945	0.9619397521018982	0.0
6.123234262925839e-17	1.0	0.0
ends 8
closed 0
joint_angles 0.0	0.0	0.39269906282424927	-1.691635418410442e-07	0.39269930124282837	-1.691635418410442e-07	0.39269906282424927	-4.440892098500626e-16	0.0
end
case approx_smooth_zigzag
points 9
0.0	0.0	0.0
0.5	1.0	0.0
1.0	1.0	0.0
1.5	0.5	0.0
2.0	0.0	0.0
2.5	0.5	0.0
3.0	1.0	0.0
3.5	1.0	0.0
4.0	0.0	0.0
ends 8
closed 0
joint_angles 0.0	1.1071487665176392	0.7853981852531433	0.0	-1.5707963705062866	0.0	0.7853981852531433	1.1071487665176392	0.0
end
case subdivide_sharp_arc
points 9
1.0	0.0	0.0
1.0	0.25	0.0
0.9375	0.4375	0.0
0.875	0.625	0.0
0.75	0.75	0.0
0.625	0.875	0.0
0.4375	0.9375	0.0
0.25	1.0	0.0
6.123234262925839e-17	1.0	0.0
ends 8
closed 0
joint_angles 0.0	0.32175055146217346	0.0	0.46364760398864746	0.0	0.46364760398864746	0.0	0.32175055146217346	0.0
end
case insert_curves
points 11
0.0	0.0	0.0
0.25	0.0	0.0
0.5	0.0	0.0
0.75	0.0	0.0
1.0	0.0	0.0
1.5	0.0	0.0
2.0	0.0	0.0
2.5	0.0	0.0
3.0	0.0	0.0
3.5	0.0	0.0
4.0	0.0	0.0
ends 10
closed 0
joint_angles 0.0	0.0	0.0	0.0	0.0	0.0	0.0	0.0	0.0	0.0	0.0
end
case null_line
points 5
0.0	0.0	0.0
0.0	0.0	0.0
0.0	0.0	0.0
0.5	0.0	0.0
1.0	0.0	0.0
ends 4
closed 0
joint_angles 0.0	0.0	0.0	0.0	0.0
end
case two_subpaths_last_closed
points 11
5.0	5.0	0.0
5.5	5.0	0.0
6.0	5.0	0.0
6.0	5.0	0.0
0.0	0.0	0.0
1.0	0.0	0.0
2.0	0.0	0.0
2.0	1.0	0.0
2.0	2.0	0.0
1.0	1.0	0.0
0.0	0.0	0.0
ends 2	10
closed 1
joint_angles 0.0	0.0	0.0	-2.44685435295105	2.356194496154785	0.0	1.5707963705062866	0.0	2.356194496154785	0.0	2.356194496154785
end
