# fmn-geom parity fixture
# generated from 3b1b/manim @ 6199a00d4c1b1127ebe45cb629c3f22538b10e13
# by scripts/gen_geom_fixtures.py — regenerate, never hand-edit
case open3
anchors 3
0.0	0.0	0.0
1.0	1.0	0.0
2.0	0.0	0.0
h1 2
0.3333333333333333	0.5000000000000001	0.0
1.3333333333333333	1.0000000000000002	0.0
h2 2
0.6666666666666666	1.0000000000000002	-0.0
1.6666666666666665	0.5	0.0
end
case open5
anchors 5
0.0	0.0	0.0
1.0	2.0	0.0
3.0	3.0	0.0
4.0	1.0	0.0
6.0	0.0	0.0
h1 4
0.2142857142857144	0.6785714285714287	0.0
1.5714285714285718	2.642857142857143	0.0
3.5000000000000004	2.75	0.0
4.428571428571429	0.3571428571428572	0.0
h2 4
0.4285714285714288	1.3571428571428574	-0.0
2.5000000000000004	3.2499999999999996	-0.0
3.571428571428572	1.642857142857143	-0.0
5.214285714285714	0.1785714285714286	0.0
end
case open2
anchors 2
0.0	0.0	0.0
2.0	1.0	0.0
h1 1
0.6666666666666666	0.3333333333333333	0.0
h2 1
1.3333333333333333	0.6666666666666666	0.0
end
case collinear4
anchors 4
0.0	0.0	0.0
1.0	0.0	0.0
2.0	0.0	0.0
3.0	0.0	0.0
h1 3
0.3333333333333334	0.0	0.0
1.3333333333333335	0.0	0.0
2.3333333333333335	0.0	0.0
h2 3
0.6666666666666669	-0.0	-0.0
1.6666666666666667	-0.0	-0.0
2.6666666666666665	0.0	0.0
end
case closed5
anchors 5
1.0	0.0	0.0
0.0	1.0	0.0
-1.0	0.0	0.0
0.0	-1.0	0.0
1.0	0.0	0.0
h1 4
1.0	0.5000000000000002	0.0
-0.5000000000000001	1.0000000000000002	0.0
-1.0000000000000002	-0.5	0.0
0.5000000000000001	-1.0000000000000002	0.0
h2 4
0.5	1.0000000000000002	-0.0
-1.0000000000000002	0.5	-0.0
-0.49999999999999994	-1.0000000000000002	-0.0
1.0	-0.5	0.0
end
case spatial4
anchors 4
0.0	0.0	0.0
1.0	1.0	1.0
2.0	0.0	2.0
3.0	1.0	0.0
h1 3
0.3333333333333334	0.5555555555555556	0.2666666666666668
1.3333333333333335	0.888888888888889	1.4666666666666668
2.3333333333333335	-0.11111111111111115	1.8666666666666667
h2 3
0.6666666666666669	1.1111111111111112	0.5333333333333335
1.6666666666666667	0.11111111111111115	2.1333333333333333
2.6666666666666665	0.44444444444444436	0.9333333333333333
end
