# positional parity fixtures (fm-jru) — generated by gen_positional_fixtures.py
# Reference: 3b1b/manim @ 6199a00d, formulas from mobject.py, computed in NumPy f64.
SCENARIO shift
NODES 1
IN 0 -1 3 -1.0 -0.5 0.0 1.5 0.25 0.0 0.5 2.0 0.0
OUT 0 3 0.0 -2.5 0.5 2.5 -1.75 0.5 1.5 0.0 0.5
BBOX 0.0 -2.5 0.5 1.25 -1.25 0.5 2.5 0.0 0.5
END
SCENARIO scale_center
NODES 1
IN 0 -1 3 -1.0 -0.5 0.0 1.5 0.25 0.0 0.5 2.0 0.0
OUT 0 3 -2.25 -1.75 0.0 2.75 -0.25 0.0 0.75 3.25 0.0
BBOX -2.25 -1.75 0.0 0.25 0.75 0.0 2.75 3.25 0.0
END
SCENARIO scale_about_edge
NODES 1
IN 0 -1 4 0.0 0.0 0.0 2.0 0.0 0.0 2.0 1.0 0.0 0.0 1.0 0.0
OUT 0 4 0.0 0.0 0.0 1.0 0.0 0.0 1.0 0.5 0.0 0.0 0.5 0.0
BBOX 0.0 0.0 0.0 0.5 0.25 0.0 1.0 0.5 0.0
END
SCENARIO scale_about_point
NODES 1
IN 0 -1 4 0.0 0.0 0.0 2.0 0.0 0.0 2.0 1.0 0.0 0.0 1.0 0.0
OUT 0 4 -2.0 -2.0 0.0 4.0 -2.0 0.0 4.0 1.0 0.0 -2.0 1.0 0.0
BBOX -2.0 -2.0 0.0 1.0 -0.5 0.0 4.0 1.0 0.0
END
SCENARIO stretch_x
NODES 1
IN 0 -1 4 0.0 0.0 0.0 2.0 0.0 0.0 2.0 1.0 0.0 0.0 1.0 0.0
OUT 0 4 -1.5 0.0 0.0 3.5 0.0 0.0 3.5 1.0 0.0 -1.5 1.0 0.0
BBOX -1.5 0.0 0.0 1.0 0.5 0.0 3.5 1.0 0.0
END
SCENARIO stretch_y
NODES 1
IN 0 -1 4 0.0 0.0 0.0 2.0 0.0 0.0 2.0 1.0 0.0 0.0 1.0 0.0
OUT 0 4 0.0 0.25 0.0 2.0 0.25 0.0 2.0 0.75 0.0 0.0 0.75 0.0
BBOX 0.0 0.25 0.0 1.0 0.5 0.0 2.0 0.75 0.0
END
SCENARIO center
NODES 1
IN 0 -1 3 -1.0 -0.5 0.0 1.5 0.25 0.0 0.5 2.0 0.0
OUT 0 3 -1.25 -1.25 0.0 1.25 -0.5 0.0 0.25 1.25 0.0
BBOX -1.25 -1.25 0.0 0.0 0.0 0.0 1.25 1.25 0.0
END
SCENARIO to_edge_up
NODES 1
IN 0 -1 3 -1.0 -0.5 0.0 1.5 0.25 0.0 0.5 2.0 0.0
OUT 0 3 -1.0 1.0 0.0 1.5 1.75 0.0 0.5 3.5 0.0
BBOX -1.0 1.0 0.0 0.25 2.25 0.0 1.5 3.5 0.0
END
SCENARIO to_edge_left
NODES 1
IN 0 -1 3 -1.0 -0.5 0.0 1.5 0.25 0.0 0.5 2.0 0.0
OUT 0 3 -6.611111111111111 -0.5 0.0 -4.111111111111111 0.25 0.0 -5.111111111111111 2.0 0.0
BBOX -6.611111111111111 -0.5 0.0 -5.361111111111111 0.75 0.0 -4.111111111111111 2.0 0.0
END
SCENARIO to_corner_ur
NODES 1
IN 0 -1 3 -1.0 -0.5 0.0 1.5 0.25 0.0 0.5 2.0 0.0
OUT 0 3 4.361111111111111 1.25 0.0 6.861111111111111 2.0 0.0 5.861111111111111 3.75 0.0
BBOX 4.361111111111111 1.25 0.0 5.611111111111111 2.5 0.0 6.861111111111111 3.75 0.0
END
SCENARIO next_to_right
NODES 2
IN 0 -1 4 0.0 0.0 0.0 2.0 0.0 0.0 2.0 1.0 0.0 0.0 1.0 0.0
IN 1 -1 1 3.0 0.0 0.0
OUT 0 4 3.25 -0.5 0.0 5.25 -0.5 0.0 5.25 0.5 0.0 3.25 0.5 0.0
OUT 1 1 3.0 0.0 0.0
BBOX 3.25 -0.5 0.0 4.25 0.0 0.0 5.25 0.5 0.0
END
SCENARIO next_to_up_aligned
NODES 2
IN 0 -1 3 -1.0 -0.5 0.0 1.5 0.25 0.0 0.5 2.0 0.0
IN 1 -1 4 0.0 0.0 0.0 2.0 0.0 0.0 2.0 1.0 0.0 0.0 1.0 0.0
OUT 0 3 0.0 1.5 0.0 2.5 2.25 0.0 1.5 4.0 0.0
OUT 1 4 0.0 0.0 0.0 2.0 0.0 0.0 2.0 1.0 0.0 0.0 1.0 0.0
BBOX 0.0 1.5 0.0 1.25 2.75 0.0 2.5 4.0 0.0
END
SCENARIO next_to_point
NODES 1
IN 0 -1 3 -1.0 -0.5 0.0 1.5 0.25 0.0 0.5 2.0 0.0
OUT 0 3 0.75 -0.6 0.0 3.25 0.15 0.0 2.25 1.9 0.0
BBOX 0.75 -0.6 0.0 2.0 0.6499999999999999 0.0 3.25 1.9 0.0
END
SCENARIO move_to_point
NODES 1
IN 0 -1 3 -1.0 -0.5 0.0 1.5 0.25 0.0 0.5 2.0 0.0
OUT 0 3 -0.25 -0.25 0.0 2.25 0.5 0.0 1.25 2.25 0.0
BBOX -0.25 -0.25 0.0 1.0 1.0 0.0 2.25 2.25 0.0
END
SCENARIO move_to_mob_edge
NODES 2
IN 0 -1 3 -1.0 -0.5 0.0 1.5 0.25 0.0 0.5 2.0 0.0
IN 1 -1 4 0.0 0.0 0.0 2.0 0.0 0.0 2.0 1.0 0.0 0.0 1.0 0.0
OUT 0 3 -0.25 -1.5 0.0 2.25 -0.75 0.0 1.25 1.0 0.0
OUT 1 4 0.0 0.0 0.0 2.0 0.0 0.0 2.0 1.0 0.0 0.0 1.0 0.0
BBOX -0.25 -1.5 0.0 1.0 -0.25 0.0 2.25 1.0 0.0
END
SCENARIO align_to_mob
NODES 2
IN 0 -1 3 -1.0 -0.5 0.0 1.5 0.25 0.0 0.5 2.0 0.0
IN 1 -1 4 0.0 0.0 0.0 2.0 0.0 0.0 2.0 1.0 0.0 0.0 1.0 0.0
OUT 0 3 -1.0 -1.5 0.0 1.5 -0.75 0.0 0.5 1.0 0.0
OUT 1 4 0.0 0.0 0.0 2.0 0.0 0.0 2.0 1.0 0.0 0.0 1.0 0.0
BBOX -1.0 -1.5 0.0 0.25 -0.25 0.0 1.5 1.0 0.0
END
SCENARIO set_x
NODES 1
IN 0 -1 3 -1.0 -0.5 0.0 1.5 0.25 0.0 0.5 2.0 0.0
OUT 0 3 -4.25 -0.5 0.0 -1.75 0.25 0.0 -2.75 2.0 0.0
BBOX -4.25 -0.5 0.0 -3.0 0.75 0.0 -1.75 2.0 0.0
END
SCENARIO set_y
NODES 1
IN 0 -1 3 -1.0 -0.5 0.0 1.5 0.25 0.0 0.5 2.0 0.0
OUT 0 3 -1.0 1.25 0.0 1.5 2.0 0.0 0.5 3.75 0.0
BBOX -1.0 1.25 0.0 0.25 2.5 0.0 1.5 3.75 0.0
END
SCENARIO set_width_scale
NODES 1
IN 0 -1 4 0.0 0.0 0.0 2.0 0.0 0.0 2.0 1.0 0.0 0.0 1.0 0.0
OUT 0 4 -1.0 -0.5 0.0 3.0 -0.5 0.0 3.0 1.5 0.0 -1.0 1.5 0.0
BBOX -1.0 -0.5 0.0 1.0 0.5 0.0 3.0 1.5 0.0
END
SCENARIO set_height_stretch
NODES 1
IN 0 -1 4 0.0 0.0 0.0 2.0 0.0 0.0 2.0 1.0 0.0 0.0 1.0 0.0
OUT 0 4 0.0 -1.0 0.0 2.0 -1.0 0.0 2.0 2.0 0.0 0.0 2.0 0.0
BBOX 0.0 -1.0 0.0 1.0 0.5 0.0 2.0 2.0 0.0
END
SCENARIO match_width
NODES 2
IN 0 -1 4 0.0 0.0 0.0 2.0 0.0 0.0 2.0 1.0 0.0 0.0 1.0 0.0
IN 1 -1 3 -1.0 -0.5 0.0 1.5 0.25 0.0 0.5 2.0 0.0
OUT 0 4 -0.25 -0.125 0.0 2.25 -0.125 0.0 2.25 1.125 0.0 -0.25 1.125 0.0
OUT 1 3 -1.0 -0.5 0.0 1.5 0.25 0.0 0.5 2.0 0.0
BBOX -0.25 -0.125 0.0 1.0 0.5 0.0 2.25 1.125 0.0
END
SCENARIO match_x
NODES 2
IN 0 -1 3 -1.0 -0.5 0.0 1.5 0.25 0.0 0.5 2.0 0.0
IN 1 -1 1 5.0 0.0 0.0
OUT 0 3 3.75 -0.5 0.0 6.25 0.25 0.0 5.25 2.0 0.0
OUT 1 1 5.0 0.0 0.0
BBOX 3.75 -0.5 0.0 5.0 0.75 0.0 6.25 2.0 0.0
END
SCENARIO nested_bbox_shift
NODES 3
IN 0 -1 0 
IN 1 0 4 0.0 0.0 0.0 2.0 0.0 0.0 2.0 1.0 0.0 0.0 1.0 0.0
IN 2 0 1 5.0 5.0 0.0
OUT 0 0 
OUT 1 4 1.0 1.0 0.0 3.0 1.0 0.0 3.0 2.0 0.0 1.0 2.0 0.0
OUT 2 1 6.0 6.0 0.0
BBOX 1.0 1.0 0.0 3.5 3.5 0.0 6.0 6.0 0.0
END
SCENARIO arrange_right
NODES 4
IN 0 -1 0 
IN 1 0 4 0.0 0.0 0.0 2.0 0.0 0.0 2.0 1.0 0.0 0.0 1.0 0.0
IN 2 0 4 0.0 0.0 0.0 2.0 0.0 0.0 2.0 1.0 0.0 0.0 1.0 0.0
IN 3 0 3 -1.0 -0.5 0.0 1.5 0.25 0.0 0.5 2.0 0.0
OUT 0 0 
OUT 1 4 -3.75 -0.5 0.0 -1.75 -0.5 0.0 -1.75 0.5 0.0 -3.75 0.5 0.0
OUT 2 4 -1.25 -0.5 0.0 0.75 -0.5 0.0 0.75 0.5 0.0 -1.25 0.5 0.0
OUT 3 3 1.25 -1.25 0.0 3.75 -0.5 0.0 2.75 1.25 0.0
BBOX -3.75 -1.25 0.0 0.0 0.0 0.0 3.75 1.25 0.0
END
SCENARIO arrange_down
NODES 3
IN 0 -1 0 
IN 1 0 4 0.0 0.0 0.0 2.0 0.0 0.0 2.0 1.0 0.0 0.0 1.0 0.0
IN 2 0 3 -1.0 -0.5 0.0 1.5 0.25 0.0 0.5 2.0 0.0
OUT 0 0 
OUT 1 4 -1.0 0.875 0.0 1.0 0.875 0.0 1.0 1.875 0.0 -1.0 1.875 0.0
OUT 2 3 -1.25 -1.875 0.0 1.25 -1.125 0.0 0.25 0.625 0.0
BBOX -1.25 -1.875 0.0 0.0 0.0 0.0 1.25 1.875 0.0
END
SCENARIO arrange_in_grid
NODES 5
IN 0 -1 0 
IN 1 0 4 0.0 0.0 0.0 2.0 0.0 0.0 2.0 1.0 0.0 0.0 1.0 0.0
IN 2 0 4 0.0 0.0 0.0 2.0 0.0 0.0 2.0 1.0 0.0 0.0 1.0 0.0
IN 3 0 4 0.0 0.0 0.0 2.0 0.0 0.0 2.0 1.0 0.0 0.0 1.0 0.0
IN 4 0 3 -1.0 -0.5 0.0 1.5 0.25 0.0 0.5 2.0 0.0
OUT 0 0 
OUT 1 4 -2.525 1.275 0.0 -0.5249999999999999 1.275 0.0 -0.5249999999999999 2.275 0.0 -2.525 2.275 0.0
OUT 2 4 0.2749999999999999 1.275 0.0 2.275 1.275 0.0 2.275 2.275 0.0 0.2749999999999999 2.275 0.0
OUT 3 4 -2.525 -1.525 0.0 -0.5249999999999999 -1.525 0.0 -0.5249999999999999 -0.5249999999999999 0.0 -2.525 -0.5249999999999999 0.0
OUT 4 3 0.02499999999999991 -2.275 0.0 2.525 -1.525 0.0 1.525 0.2250000000000001 0.0
BBOX -2.525 -2.275 0.0 0.0 0.0 0.0 2.525 2.275 0.0
END
